━━━━━━━━━━━━━━━━━━━━━━━━━━━━━━━━━━━━━━━━━━━━━━━━━━━━━━━━━━━━━━━━━━━━━━━━━━━━━━━━━
 Language              Files        Lines         Code     Comments       Blanks
━━━━━━━━━━━━━━━━━━━━━━━━━━━━━━━━━━━━━━━━━━━━━━━━━━━━━━━━━━━━━━━━━━━━━━━━━━━━━━━━━
 Assembly                  4          462          424            0           38
 C                         1         1395         1146           32          217
 C Header                  1         1372         1372            0            0
 JSON                      3           86           86            0            0
 Just                      1           44           37            1            6
 LD Script                 3          179          104           45           30
 Makefile                  1           19           14            0            5
 Markdown                  3          867            0          682          185
 TOML                      5           78           71            1            6
─────────────────────────────────────────────────────────────────────────────────
 Rust                    138         7788         6659          254          875
 |- Markdown              63          356            0          312           44
 (Total)                             8144         6659          566          919
━━━━━━━━━━━━━━━━━━━━━━━━━━━━━━━━━━━━━━━━━━━━━━━━━━━━━━━━━━━━━━━━━━━━━━━━━━━━━━━━━
 Total                   161        12646         9913         1327         1406
━━━━━━━━━━━━━━━━━━━━━━━━━━━━━━━━━━━━━━━━━━━━━━━━━━━━━━━━━━━━━━━━━━━━━━━━━━━━━━━━━
